1L02-1
  8.3
  8.3
  .06
  5.14E+09
  6.6E+06
  7.032
  1.672
1L02-2
  11.3
  11.3
  .052
  3.78E+09
  6.04E+06
  10.156
  1.826
1L02-3
  9.3
  8.5
  .063
  3.31E+09
  5.15E+06
  8.224
  1.878
1L02-4
  7.9
  5.1
  .05
  2.4E+09
  4.94E+06
1L02-5
  9.5
  8.6
  .056
  3.61E+09
  6.12E+06
  8.549
  2.11
1L02-6
  12
  10.75
  .071
  3.6E+09
  8.03E+06
  11.482
  4.315
1L02-7
  8.6
  8.6
  .065
  3.52E+09
  7.22E+06
  7.413
  1.781
1L02-8
  14
  8.55
  .057
  3.99E+09
  6.31E+06
  11.061
  .51
1L03-1
  9.1
  1.5
  7.7
  .054
  1.66E+09
  8.01E+06
  8.213
  2.261
1L03-2
  8.3
  .3
  8.3
  .057
  1.88E+09
  6.83E+06
  7.257
  2.054
1L03-3
  10.1
  10.1
  .057
  4.1E+09
  5.48E+06
  8.978
  1.86
1L03-4
  12.5
  12.5
  .055
  1.35E+09
  5.15E+06
1L03-5
  7.2
  7.2
  .054
  5.25E+09
  6.55E+06
  6.358
  2.506
1L03-6
  7.4
  7.4
  .052
  4.27E+09
  5.57E+06
  5.977
  1.504
1L03-7
  14
  11.4
  .087
  5.72E+09
  7.72E+06
  11.148
  .64
1L03-8
  9.1
  .3
  .084
  5.11E+09
  6.33E+06
  7.868
  1.674
1L04-1
  14
  14
  .07
  3.49E+09
  8.4E+06
1L04-2
  14
  14
  .07
  3.43E+09
  8.4E+06
1L04-3
  14
  9.5
  .07
  4.25E+09
  8.4E+06
1L04-4
  14
  14
  .07
  4.55E+09
  8.4E+06
1L04-5
  14
  13.4
  .07
  4.51E+09
  8.4E+06
  15.076
  2.8
1L04-6
  14
  14
  .07
  5.27E+09
  8.4E+06
1L04-7
  14
  14
  .07
  4.28E+09
  8.4E+06
1L04-8
  14
  14
  .07
  4.49E+09
  8.4E+06
1L05-1
  8
  5
  .065
  5.85E+08
  8.4E+06
1L05-2
  11
  9
  .087
  8.44E+08
  8.4E+06
1L05-3
  12
  10
  .066
  1.11E+09
  8.4E+06
1L05-4
  9
  8.4
  .081
  2.5E+09
  8.4E+06
1L05-5
  7.5
  7
  .115
  1.44E+09
  8.4E+06
1L05-6
  11
  10
  .083
  1.76E+09
  8.4E+06
1L05-7
  7
  6.5
  .174
  2.98E+09
  8.4E+06
1L05-8
  5
  4.4
  .082
  1.48E+09
  8.4E+06
1L06-1
  14
  13
  .07
  1.94E+09
  8.4E+06
1L06-2
  14
  12
  .07
  4.17E+09
  8.4E+06
1L06-3
  11
  10.7
  .07
  4.39E+09
  8.4E+06
1L06-4
  14
  12.5
  .07
  2.97E+09
  8.4E+06
1L06-5
  13.6
  9.2
  .07
  3.08E+09
  8.4E+06
1L06-6
  14
  14
  .07
  2.89E+09
  8.4E+06
1L06-7
  14
  13.5
  .07
  5.73E+09
  8.4E+06
1L06-8
  10.4
  9.9
  .07
  4.48E+09
  8.4E+06
1L07-1
  12
  .6
  12
  .085
  1.83E+09
  7.8E+06
1L07-2
  6.4
  6.4
  .04
  1.8E+09
  4.47E+06
  5.386
  2.118
1L07-3
  8.3
  .5
  8
  .068
  1.43E+09
  8E+06
  5.366
  .715
1L07-4
  8
  8
  .048
  1.13E+09
  5.14E+06
1L07-5
  9.2
  8.8
  .044
  1.93E+09
  5.3E+06
  8.032
  1.828
1L07-6
  8.3
  8.3
  .041
  2.59E+09
  4.79E+06
  7.443
  2.522
1L07-7
  10.1
  9.7
  .073
  2.98E+09
  8.4E+06
  8.681
  1.425
1L07-8
  10.2
  .5
  8.4
  .062
  3.5E+09
  7.4E+06
  8.97
  1.732
1L08-1
  9.6
  .105
  5.17E+09
  5.29E+06
  8.531
  1.876
1L08-2
  9.3
  8.15
  .091
  3.8E+09
  4.94E+06
  8.655
  3.169
1L08-3
  14
  13
  .101
  4.47E+09
  8.9E+06
  13.094
  1.587
1L08-4
  11.4
  .9
  5.71
  .077
  2.99E+09
  4.48E+06
  9.796
  1.317
1L08-5
  8.1
  .127
  4.02E+09
  3.52E+06
  7.611
  4.705
1L08-6
  9.6
  .097
  5.98E+09
  5.45E+06
  8.454
  1.8
1L08-7
  9.8
  9.8
  .096
  3.43E+09
  6.37E+06
  8.807
  2.158
1L08-8
  12.4
  9.25
  .157
  4.54E+09
  5.67E+06
  9.367
  .68
1L09-1
  10
  8.2
  .058
  9.04E+09
  8.19E+06
1L09-2
  11.2
  9.7
  .069
  2.79E+09
  9.22E+06
1L09-3
  11.4
  8
  .043
  5.58E+09
  4.05E+06
  9.78
  1.285
1L09-4
  9.2
  5.8
  .083
  5.16E+09
  7.34E+06
  8.195
  2.031
1L09-5
  10.5
  9.56
  .152
  6.53E+09
  8.46E+06
1L09-6
  11.1
  1.6
  10.3
  .057
  5.19E+09
  4.36E+06
1L09-7
  8.4
  8.4
  .044
  5.75E+09
  4.4E+06
  7.666
  2.882
1L09-8
  7.5
  .9
  7.5
  .034
  7.92E+09
  3.12E+06
  6.384
  1.829
1L10-1
  10.9
  4.6
  .048
  5.21E+09
  5.43E+06
  9.328
  1.301
1L10-2
  10.4
  6.2
  .066
  5E+09
  7.76E+06
  9.216
  1.718
1L10-3
  10.1
  9.3
  .051
  6.82E+09
  4.78E+06
  8.963
  1.794
1L10-4
  9.7
  6.3
  .042
  4.77E+09
  4.59E+06
  8.402
  1.648
1L10-5
  7.6
  5.9
  .07
  5.31E+09
  4.51E+06
  6.979
  3.546
1L10-6
  12.3
  .5
  9.56
  .046
  5.32E+09
  5.55E+06
  10.358
  1.05
1L10-7
  7.9
  7.76
  .032
  2.6E+09
  3.66E+06
  6.947
  2.078
1L10-8
  10.2
  6.33
  .058
  3.92E+09
  7.89E+06
  9.002
  1.72
1L11-1
  14
  14
  .067
  3.66E+09
  7.96E+06
1L11-2
  14
  11
  .106
  2.43E+09
  8.4E+06
1L11-3
  10.5
  10.5
  .054
  3.26E+09
  8.4E+06
  12.037
  3.218
1L11-4
  12
  12
  .08
  3.01E+09
  8.4E+06
1L11-5
  12.9
  10
  .085
  1.72E+09
  8.4E+06
1L11-6
  12.9
  1.1
  12.9
  .076
  2.52E+09
  8.4E+06
1L11-7
  14
  10
  .099
  1.38E+09
  8.67E+06
1L11-8
  9.9
  9.5
  .085
  3.76E+09
  1.13E+07
1L12-1
  14
  12.5
  .079
  5E+09
  8.56E+06
1L12-2
  14
  12.8
  .077
  3.32E+09
  8.95E+06
1L12-3
  14
  13
  .088
  6.1E+09
  9.21E+06
1L12-4
  14
  .5
  14
  .113
  5E+09
  8.8E+06
1L12-5
  14
  13.8
  .097
  4.52E+09
  8.18E+06
1L12-6
  14
  12.5
  .14
  5.73E+09
  6.76E+06
  7.089
  7.108
1L12-7
  14
  12
  .1
  5.02E+09
  7.85E+06
1L12-8
  14
  13
  .076
  4.7E+09
  8.89E+06
1L13-1
  5.8
  5.8
  .042
  4.64E+09
  4.94E+06
  5.031
  2.741
1L13-2
  6.2
  6.2
  .045
  4.57E+09
  7.65E+06
  5.452
  2.74
1L13-3
  7.5
  5.5
  .103
  3.7E+09
  7.41E+06
  6.201
  1.556
1L13-4
  7.4
  7.4
  .081
  3.83E+09
  6.8E+06
  6.858
  4.114
1L13-5
  11.9
  11.9
  .093
  1.82E+09
  7.66E+06
1L13-6
  10.3
  .072
  3.94E+09
  9.34E+06
  7.172
  .661
1L13-7
  12.5
  10.1
  .072
  3.07E+09
  7.67E+06
  11.567
  2.198
1L13-8
  10.1
  6.5
  .033
  3.47E+09
  3.52E+06
1L14-1
  9
  1.7
  8
  .055
  4.44E+09
  8E+06
1L14-2
  9.4
  9
  .052
  5.16E+09
  6.15E+06
  8.417
  2.109
1L14-3
  11.2
  10.4
  .048
  3.02E+09
  4.96E+06
  9.917
  1.686
1L14-4
  8.5
  8.5
  .049
  2.41E+09
  5.46E+06
  7.02
  1.418
1L14-5
  9.5
  9.5
  .053
  2.01E+09
  5.68E+06
  8.397
  1.882
1L14-6
  11.3
  10.9
  .044
  3.28E+09
  6.35E+06
  10.097
  1.705
1L14-7
  9.3
  9.3
  .051
  4.18E+09
  5.49E+06
  8.475
  2.441
1L14-8
  12
  10.25
  .07
  3.22E+09
  1.07E+07
  10.741
  1.634
1L15-1
  10.3
  1.8
  7
  .068
  1.89E+09
  5.83E+06
1L15-2
  9.8
  .061
  2.57E+09
  6.69E+06
  8.629
  1.787
1L15-3
  9.5
  .055
  4.64E+09
  7.16E+06
  8.551
  2.091
1L15-4
  8.8
  .053
  1.63E+09
  5.79E+06
  7.591
  1.728
1L15-5
  9.4
  9.2
  .054
  1.81E+09
  5.98E+06
  8.457
  2.103
1L15-6
  11.5
  11.5
  .067
  3.42E+09
  8.36E+06
  9.855
  1.261
1L15-7
  9.9
  .079
  1.8E+09
  9.02E+06
  8.665
  1.621
1L15-8
  5.2
  5
  .05
  1.59E+09
  4.26E+06
1L16-1
  9.8
  7.4
  .049
  3.75E+09
  5.83E+06
  7.542
  .935
1L16-2
  8.5
  .061
  5.26E+09
  6.69E+06
  7.427
  1.981
1L16-3
  8.5
  8.499
  .086
  4.84E+09
  7.16E+06
  7.473
  2.106
1L16-4
  8.4
  .07
  4.17E+09
  5.79E+06
  7.279
  1.859
1L16-5
  6.3
  .055
  6.74E+09
  5.98E+06
  5.643
  3.142
1L16-6
  6.7
  .3
  .06
  3.87E+09
  8.36E+06
  6.049
  3.097
1L16-7
  7.6
  7.6
  .061
  2.98E+09
  9.02E+06
  6.587
  1.959
1L16-8
  6.6
  .043
  5.72E+09
  4.26E+06
  5.809
  2.537
1L17-1
  12.3
  5.4
  .066
  6.9E+09
  5.57E+06
  10.263
  1.018
1L17-2
  9.7
  7.766
  .101
  2.9E+09
  7.48E+06
  8.384
  1.586
1L17-3
  11.8
  10.782
  .06
  1.98E+09
  3.99E+06
  10.69
  1.878
1L17-4
  9.2
  9.2
  .048
  4.78E+09
  5E+06
  7.756
  1.447
1L17-5
  7.8
  6.8
  .057
  4.13E+09
  4.49E+06
1L17-6
  11.8
  7
  .047
  2.13E+09
  5.16E+06
  10.036
  1.151
1L17-7
  8.6
  1.1
  6.9
  .082
  5.8E+09
  6.28E+06
1L17-8
  9
  8.7
  .074
  3.23E+09
  7.12E+06
1L18-1
  7
  .043
  4.32E+09
  4.97E+06
  6.201
  2.629
1L18-2
  9.4
  9.4
  .058
  4.01E+09
  6.05E+06
  8.074
  1.559
1L18-3
  9
  8.5
  .079
  3.61E+09
  9.61E+06
1L18-4
  8.6
  .06
  4.56E+09
  5.13E+06
  7.3
  1.601
1L18-5
  5.7
  .064
  3.68E+09
  8.2E+06
1L18-6
  11.1
  6.9
  .076
  4.75E+09
  8.09E+06
  10.534
  3.575
1L18-7
  14
  .9
  8.066
  .076
  2.86E+09
  8E+06
  12.008
  .863
1L18-8
  12.2
  .6
  5.5
  .078
  2.42E+09
  8.32E+06
  10.831
  1.565
1L19-1
  11
  6.65
  .045
  4.79E+09
  4.87E+06
1L19-2
  11
  9.7
  .05
  2.26E+09
  5.04E+06
1L19-3
  8.1
  .7
  7.55
  .05
  5.17E+09
  5.49E+06
1L19-4
  9.6
  6.8
  .045
  1.43E+09
  5.88E+06
  8.391
  1.72
1L19-5
  7.5
  .9
  5.25
  .051
  5.81E+09
  5.15E+06
  6.463
  2.044
1L19-6
  10.3
  7.46
  .039
  1.67E+09
  4.66E+06
  9.858
  4.423
1L19-7
  7.8
  .6
  .057
  5.25E+09
  5.16E+06
  6.837
  2.164
1L19-8
  8.2
  .05
  6.89E+09
  4.95E+06
  7.093
  1.923
1L20-1
  10.3
  .059
  2.78E+09
  6.07E+06
  8.838
  1.46
1L20-2
  7.9
  7.9
  .051
  2.79E+09
  7E+06
  6.804
  1.841
1L20-3
  7.1
  .051
  2.96E+09
  6.08E+06
  6.153
  2.25
1L20-4
  12.8
  9.75
  .059
  1.89E+09
  5.67E+06
  9.72
  .677
1L20-5
  11.5
  10.95
  .074
  4.79E+09
  7.7E+06
  9.795
  1.239
1L20-6
  10.3
  .052
  4.12E+09
  5.93E+06
  8.615
  1.211
1L20-7
  9.4
  .061
  1.68E+09
  4.77E+06
  8.418
  2.063
1L20-8
  9.1
  .041
  1.24E+09
  6.08E+06
  7.609
  1.387
1L21-1
  7.2
  1.5
  .112
  1.71E+09
  8E+06
  6.141
  2.053
1L21-2
  7.8
  .094
  1.09E+09
  8.6E+06
  6.707
  1.876
1L21-3
  12
  8
  .074
  1.83E+09
  7.9E+06
1L21-4
  11
  1.4
  9.4
  .064
  1.57E+09
  8.1E+06
1L21-5
  9.8
  1.9
  .066
  1.46E+09
  8.1E+06
  8.04
  1.198
1L21-6
  6.8
  .5
  .061
  5.48E+09
  6.36E+06
  3.604
  .66
1L21-7
  8.8
  8.2
  .072
  4.15E+09
  6.84E+06
  7.804
  2.088
1L21-8
  6.1
  1.2
  .076
  1.43E+09
  6.02E+06
  5.007
  1.959
1L22-1
  23.6
  13.85
  .1
  7.97E+09
  2.91E+07
1L22-2
  24.85
  14
  .1
  7.55E+09
  2.5E+07
1L22-3
  23.8
  13
  .1
  8.11E+09
  2.24E+07
1L22-4
  24.45
  15
  .1
  8.55E+09
  2.18E+07
1L22-5
  25
  14
  .1
  9.39E+09
  2.69E+07
1L22-6
  25
  15
  .1
  1.06E+10
  3.01E+07
1L22-7
  24.63
  15
  .1
  7.57E+09
  3.46E+07
1L22-8
  23.2
  15
  .1
  7.7E+09
  3.57E+07
1L23-1
  18.6
  10
  .1
  4.16E+09
  2.95E+07
1L23-2
  24.18
  19
  .1
  7.03E+09
  2.99E+07
1L23-3
  25
  19
  .1
  7.04E+09
  2.5E+07
1L23-4
  25
  19
  .1
  6.9E+09
  2.56E+07
1L23-5
  25
  16
  .1
  9.16E+09
  2.8E+07
1L23-6
  25
  13.5
  .1
  4.58E+09
  2.4E+07
1L23-7
  23.93
  20
  .1
  6.89E+09
  2.94E+07
1L23-8
  23.75
  16.5
  .1
  6.79E+09
  2.91E+07
1L24-1
  25
  16.5
  .1
  9.4E+09
  4.53E+07
1L24-2
  25
  15.5
  .1
  7.2E+09
  2.68E+07
1L24-3
  25
  17
  .1
  8.9E+09
  2.26E+07
1L24-4
  24.38
  18
  .1
  8.05E+09
  2.5E+07
1L24-5
  24.55
  17.5
  .1
  7.32E+09
  2.31E+07
1L24-6
  23.03
  16
  .1
  7.19E+09
  2.45E+07
1L24-7
  23.95
  12
  .1
  5.57E+09
  2.33E+07
1L24-8
  25
  14.85
  .1
  7.45E+09
  2.58E+07
1L25-1
  25
  .1
  5.37E+09
  3.81E+07
1L25-2
  25
  20.5
  .1
  5.53E+09
  3.25E+07
1L25-3
  25
  19.3
  .1
  5.72E+09
  3.48E+07
1L25-4
  25
  19
  .1
  5.55E+09
  2.56E+07
1L25-5
  25
  13.5
  .1
  5.94E+09
  3.03E+07
1L25-6
  25
  14
  .1
  5.66E+09
  3.43E+07
1L25-7
  24.18
  14
  .1
  4.9E+09
  3.08E+07
1L25-8
  25
  14.1
  .1
  4.68E+09
  3.41E+07
1L26-1
  24.45
  16.5
  .1
  7.92E+09
  3.84E+07
1L26-2
  25
  16
  .1
  1.11E+10
  3.09E+07
1L26-3
  22.03
  8.7
  .1
  6.89E+09
  2.54E+07
1L26-4
  21.85
  12
  .1
  6.64E+09
  2.73E+07
1L26-5
  24.4
  15.4
  .1
  8.37E+09
  3.29E+07
1L26-6
  25
  11
  .1
  1.04E+10
  2.55E+07
1L26-7
  25
  14
  .1
  9.63E+09
  2.26E+07
1L26-8
  21.6
  13
  .1
  3.96E+09
  2.94E+07
