2L02-1
  9.1
  8.5
  .043
  3.3E+09
  5.07E+06
  6.486
  .787
2L02-2
  9.6
  9.6
  .098
  3.65E+09
  7.8E+06
  8.081
  1.342
2L02-3
  9.1
  9.1
  .043
  3.84E+09
  5.45E+06
  7.638
  1.408
2L02-4
  9
  8.5
  .046
  4.22E+09
  4.97E+06
  8.142
  2.523
2L02-5
  9
  9
  .048
  4.04E+09
  5.16E+06
  7.744
  1.613
2L02-6
  10.7
  10.7
  .048
  3.85E+09
  5.64E+06
  8.666
  1.012
2L02-7
  9
  6.8
  .097
  3.14E+09
  8.1E+06
  7.778
  1.686
2L02-8
  8.7
  1.2
  7.7
  .04
  2.98E+09
  4.7E+06
  7.864
  2.595
2L03-1
  14
  10.5
  .066
  2.21E+09
  8.1E+06
  18.139
  .654
2L03-2
  13
  11
  .071
  1.63E+09
  7.31E+06
2L03-3
  11.8
  11.5
  .067
  4.91E+09
  8.91E+06
  11.184
  3.245
2L03-4
  9.9
  .5
  9.9
  .059
  6.18E+09
  6.58E+06
2L03-5
  9.9
  9.9
  .052
  1.87E+09
  5.72E+06
  8.604
  1.582
2L03-6
  9
  8.8
  .047
  5.53E+09
  4.79E+06
  7.626
  1.544
2L03-7
  9.6
  5
  .07
  4.59E+09
  8.21E+06
  8.431
  1.763
2L03-8
  11.6
  .9
  11.6
  .071
  2.85E+09
  5.8E+06
  10.045
  1.298
2L04-1
  14
  12
  .083
  4.39E+09
  8.4E+06
2L04-2
  14
  6
  .094
  3.39E+09
  8.4E+06
2L04-3
  14
  14
  .068
  3.74E+09
  8.4E+06
  17.001
  2.377
2L04-4
  14
  12.4
  .102
  4.4E+09
  8.4E+06
2L04-5
  14
  12.46
  .101
  3.63E+09
  8.4E+06
  15.412
  2.212
2L04-6
  14
  14
  .073
  6.21E+09
  8.4E+06
  14.067
  12.868
2L04-7
  13.7
  13
  .129
  5.69E+09
  8.4E+06
  16.054
  2.753
2L04-8
  14
  14
  .08
  5.37E+09
  8.4E+06
2L05-1
  5.9
  5.9
  .051
  4.69E+09
  4.96E+06
  4.621
  1.608
2L05-2
  9.3
  .054
  4.46E+09
  6.19E+06
  5.743
  .585
2L05-3
  8.2
  .096
  8.03E+09
  9E+06
  6.516
  1.223
2L05-4
  9.8
  9.6
  .09
  8.49E+09
  7.8E+06
  8.375
  1.469
2L05-5
  7.9
  7.5
  .073
  2.43E+09
  5.83E+06
  7.045
  2.342
2L05-6
  5.1
  4.7
  .041
  7.92E+09
  5.17E+06
  4.07
  2.112
2L05-7
  6.4
  4.1
  .076
  3.88E+09
  8.3E+06
  5.272
  1.82
2L05-8
  9.5
  6.95
  .053
  2.03E+09
  7.7E+06
  6.597
  .705
2L06-1
  5.9
  .038
  5.97E+09
  4.72E+06
  4.993
  2.425
2L06-2
  9.8
  .6
  .065
  4.78E+09
  5.59E+06
  8.626
  1.718
2L06-3
  8.1
  .044
  5.79E+09
  5.78E+06
  7.637
  4.913
2L06-4
  6.25
  6.25
  .07
  6.44E+09
  5.67E+06
2L06-5
  12.8
  7
  .07
  1.8E+09
  7.6E+06
  11.738
  1.955
2L06-6
  10.4
  10.4
  .062
  4.78E+09
  8E+06
  7.149
  .646
2L06-7
  7
  6.8
  .049
  4.67E+09
  5.69E+06
2L06-8
  10.1
  1.5
  .045
  5.73E+09
  5.02E+06
  8.879
  1.64
2L07-1
  14
  12
  .093
  2.68E+09
  8.4E+06
2L07-2
  14
  12
  .081
  3.06E+09
  8.4E+06
2L07-3
  14
  12
  .08
  3.33E+09
  8.4E+06
2L07-4
  14
  .6
  10.866
  .09
  2.96E+09
  8.4E+06
2L07-5
  14
  13.2
  .078
  3.32E+09
  8.4E+06
2L07-6
  14
  14
  .079
  2.67E+09
  8.4E+06
2L07-7
  14
  10.3
  .106
  2.68E+09
  8.4E+06
2L07-8
  14
  6
  .082
  3.07E+09
  8.4E+06
2L08-1
  8.4
  8.4
  .111
  2.41E+09
  8.5E+06
2L08-2
  9
  6.8
  .04
  2.94E+09
  5.34E+06
  8.165
  2.505
2L08-3
  14
  1.2
  11
  .045
  2.55E+09
  5.16E+06
2L08-4
  13.6
  10.4
  .06
  8.2E+08
  7.6E+06
  12.139
  1.461
2L08-5
  14
  10.1
  .065
  6.33E+09
  7.84E+06
  11.763
  .919
2L08-6
  8.7
  .053
  5.93E+09
  8.38E+06
  7.337
  1.491
2L08-7
  14
  10.2
  .049
  4.21E+09
  6.1E+06
2L08-8
  6.4
  1
  .07
  4.57E+09
  8.2E+06
2L09-1
  14
  .09
  2.63E+09
  8.4E+06
2L09-2
  14
  8
  .07
  1.26E+09
  8.4E+06
2L09-3
  14
  .092
  3.16E+09
  8.4E+06
2L09-4
  14
  12
  .096
  2.68E+09
  8.4E+06
2L09-5
  14
  10.9
  .095
  2.29E+09
  8.4E+06
2L09-6
  14
  8.64
  .098
  2.25E+09
  8.4E+06
2L09-7
  14
  .079
  2.56E+09
  8.4E+06
2L09-8
  14
  13.65
  .089
  2.53E+09
  8.4E+06
2L10-1
  14
  10.8
  .044
  3.76E+09
  8.4E+06
2L10-2
  14
  10.4
  .053
  4.53E+09
  8.4E+06
2L10-3
  14
  .074
  9.55E+07
  8.4E+06
2L10-4
  14
  10
  .046
  3.32E+09
  8.4E+06
2L10-5
  14
  10.7
  .06
  3.48E+09
  8.4E+06
2L10-6
  11
  9.4
  .055
  4.45E+09
  8.4E+06
2L10-7
  14
  12
  .065
  3.07E+09
  8.4E+06
2L10-8
  14
  10
  .07
  4.4E+09
  8.4E+06
2L11-1
  13.1
  .4
  12.2
  .089
  1.15E+10
  8.2E+06
  11.548
  1.343
2L11-2
  11.6
  11.1
  .064
  4.16E+09
  8.1E+06
  9.227
  .881
2L11-3
  11
  10.6
  .075
  2.37E+09
  5.9E+06
  9.181
  1.163
2L11-4
  9.1
  .059
  3.61E+09
  6.5E+06
  8.08
  2.136
2L11-5
  14
  12.3
  .068
  2.59E+09
  6.62E+06
2L11-6
  11.4
  .068
  2.61E+09
  6.58E+06
  9.949
  1.434
2L11-7
  10.7
  .07
  6.25E+09
  5.76E+06
  9.395
  1.584
2L11-8
  7.8
  .043
  5.06E+09
  5.15E+06
  6.807
  2.061
2L12-1
  5.9
  .127
  4.61E+09
  4.47E+06
  5.467
  4.833
2L12-2
  12.3
  8.6
  .062
  5.75E+09
  5.6E+06
  9.367
  .721
2L12-3
  9.6
  .077
  6.63E+09
  4.96E+06
  9.289
  6.34
2L12-4
  8.8
  .086
  5.32E+09
  6.22E+06
  8.121
  3.233
2L12-5
  14
  5.8
  .084
  2.79E+09
  8E+06
2L12-6
  14
  5.8
  .071
  5.92E+09
  6.19E+06
  11.984
  .539
2L12-7
  14
  8
  .071
  4.22E+09
  7.13E+06
2L12-8
  13
  5
  .055
  5.73E+09
  4.43E+06
  11.309
  1.209
2L13-1
  8.4
  8.1
  .084
  5.45E+09
  5.05E+06
2L13-2
  9.8
  8.2
  .099
  5.47E+09
  6.35E+06
  8.302
  1.416
2L13-3
  10.4
  .066
  5.84E+09
  5.05E+06
  8.886
  1.415
2L13-4
  12.9
  11.9
  .098
  2.66E+09
  5.86E+06
  9.379
  .583
2L13-5
  14
  10
  .131
  2.36E+09
  8.4E+06
2L13-6
  7.3
  .092
  2.22E+09
  5.81E+06
2L13-7
  12.2
  11.6
  .069
  5.44E+09
  6.99E+06
  10.451
  1.182
2L13-8
  10.4
  1.6
  .047
  5.72E+09
  6.4E+06
  8.827
  1.298
2L14-1
  10.1
  9.1
  .081
  1.83E+09
  8E+06
  9.055
  1.983
2L14-2
  11.9
  8.5
  .056
  4.55E+09
  5.51E+06
  10.427
  1.381
2L14-3
  12
  5
  .057
  5.12E+09
  4.94E+06
  10.432
  1.347
2L14-4
  13.5
  10
  .066
  1.21E+09
  7.38E+06
  11.596
  1.119
2L14-5
  10.7
  9.3
  .069
  8.24E+09
  8E+06
  9.274
  1.474
2L14-6
  14
  11.2
  .099
  4.14E+09
  8.1E+06
  15.534
  .547
2L14-7
  12.8
  11.2
  .082
  2.39E+09
  8E+06
  11.334
  1.41
2L14-8
  8.9
  .6
  .062
  6.13E+09
  8.18E+06
  7.73
  1.813
2L15-1
  14
  11.6
  .07
  2.91E+09
  8.4E+06
2L15-2
  14
  10.3
  .07
  2.7E+09
  8.4E+06
2L15-3
  14
  13.3
  .07
  4.19E+09
  8.4E+06
2L15-4
  14
  9.6
  .07
  1.96E+09
  8.4E+06
2L15-5
  14
  .5
  .07
  8.19E+09
  8.4E+06
2L15-6
  14
  9.1
  .07
  4.65E+09
  8.4E+06
2L15-7
  14
  12.5
  .07
  4.56E+09
  8.4E+06
2L15-8
  14
  8.3
  .07
  4.92E+09
  8.4E+06
2L16-1
  14
  9.8
  .094
  1.93E+09
  8.4E+06
2L16-2
  14
  8
  .084
  1.55E+09
  8.4E+06
2L16-3
  14
  1.7
  9.1
  .082
  2.09E+09
  8.4E+06
2L16-4
  14
  10
  .062
  7.43E+08
  8.4E+06
2L16-5
  14
  5
  .076
  4.37E+09
  8.4E+06
2L16-6
  14
  8
  .055
  1.66E+09
  8.4E+06
2L16-7
  14
  11.7
  .097
  1.38E+09
  8.4E+06
2L16-8
  14
  9.9
  .149
  1.92E+09
  8.4E+06
2L17-1
  10.8
  .07
  6.35E+09
  6.78E+06
  8.22
  .816
2L17-2
  10.3
  .071
  3.9E+09
  6.51E+06
  8.092
  .949
2L17-3
  11.5
  .131
  6.6E+09
  7.9E+06
  10.247
  1.602
2L17-4
  12.3
  .092
  3.4E+09
  8.5E+06
  11.352
  2.246
2L17-5
  8.7
  4.3
  .069
  4.04E+09
  6E+06
  8.425
  7.916
2L17-6
  12.3
  .3
  12
  .067
  4.05E+09
  8.1E+06
  10.314
  1.044
2L17-7
  8.8
  7.5
  .063
  3.46E+09
  6.23E+06
  7.706
  1.884
2L17-8
  11.4
  8.7
  .063
  1.74E+09
  8.38E+06
  8.202
  .656
2L18-1
  14
  .07
  3.95E+09
  5.44E+06
2L18-2
  12.8
  .7
  9.1
  .082
  4.72E+09
  8.6E+06
  11.187
  1.282
2L18-3
  14
  9.95
  .094
  2.71E+09
  8.1E+06
  14.229
  .869
2L18-4
  12.5
  .095
  4.18E+09
  8E+06
  10.719
  1.14
2L18-5
  10.8
  .088
  4.33E+09
  8E+06
  9.408
  1.523
2L18-6
  7.5
  3
  .084
  4.31E+09
  8E+06
  2.322
  .402
2L18-7
  13.3
  9.5
  .08
  1.09E+09
  8.3E+06
  11.77
  1.326
2L18-8
  14
  10.5
  .086
  3.58E+09
  8.2E+06
2L19-1
  9.7
  9.7
  .066
  4.22E+09
  6.15E+06
  8.702
  2.008
2L19-2
  11.1
  .3
  11.1
  .13
  3.84E+09
  8.18E+06
  9.459
  1.266
2L19-3
  11.9
  11.9
  .15
  3.36E+09
  6.45E+06
  9.419
  .839
2L19-4
  9.9
  9.9
  .158
  4.53E+09
  8.2E+06
  8.324
  1.329
2L19-5
  11
  11
  .09
  4.29E+09
  7.4E+06
  9.553
  1.469
2L19-6
  7.6
  7.6
  .057
  3.22E+09
  5.43E+06
  6.547
  2.021
2L19-7
  12.1
  8.7
  .118
  3.79E+09
  8.14E+06
  10.37
  1.205
2L19-8
  12.1
  12.1
  .123
  3.85E+09
  8.55E+06
  9.692
  .852
2L20-1
  11.6
  .054
  3.06E+09
  5.84E+06
  9.652
  1.069
2L20-2
  12.5
  9
  .09
  2.87E+09
  1.01E+07
  11.114
  1.546
2L20-3
  10.6
  6.9
  .109
  3.52E+09
  5.99E+06
  9.276
  1.541
2L20-4
  8.7
  .054
  3.67E+09
  6.69E+06
  7.423
  1.652
2L20-5
  11.1
  .075
  5.95E+09
  7.65E+06
  9.407
  1.216
2L20-6
  11.1
  11.1
  .063
  1.72E+09
  6.51E+06
  9.745
  1.533
2L20-7
  8
  .055
  3.45E+09
  6.51E+06
  6.762
  1.713
2L20-8
  10.9
  .067
  3.78E+09
  8.29E+06
  8.861
  1.008
2L21-1
  10.1
  6.913
  .084
  4.12E+09
  5E+06
  8.378
  1.229
2L21-2
  8.6
  5.767
  .132
  3.93E+09
  5.3E+06
  7.16
  1.41
2L21-3
  10
  .162
  4.38E+09
  5.3E+06
  8.354
  1.262
2L21-4
  10.3
  .146
  5.59E+09
  5.1E+06
  8.615
  1.252
2L21-5
  14
  5.8
  .103
  7.2E+09
  5.2E+06
2L21-6
  12.7
  .101
  1.91E+09
  5.8E+06
2L21-7
  10.6
  .8
  .133
  2.74E+09
  6E+06
  9.9
  3.025
2L21-8
  12
  .154
  4.01E+09
  5.7E+06
  11.274
  2.777
2L22-1
  21.08
  12.5
  .1
  5.3E+09
  3.32E+07
2L22-2
  19.35
  16
  .1
  5.96E+09
  4.16E+07
2L22-3
  24.18
  17.85
  .1
  6.68E+09
  5.95E+07
2L22-4
  22.6
  17
  .1
  4.71E+09
  5.91E+07
2L22-5
  24.45
  12
  .1
  8.71E+09
  4.73E+07
2L22-6
  20.93
  12
  .1
  5.13E+09
  5.86E+07
2L22-7
  19.63
  12
  .1
  6.21E+09
  5.48E+07
2L22-8
  25
  12
  .1
  8.05E+09
  5.58E+07
2L23-1
  21.78
  17.3
  .1
  6.91E+09
  3.47E+07
2L23-2
  21.5
  16
  .1
  6.38E+09
  2.51E+07
2L23-3
  22.4
  17.5
  .1
  7.31E+09
  2.81E+07
2L23-4
  21.33
  15
  .1
  4.59E+09
  2.28E+07
2L23-5
  21.85
  16
  .1
  6.96E+09
  2.2E+07
2L23-6
  20.25
  16.5
  .1
  5.97E+09
  3.14E+07
2L23-7
  20.63
  14.8
  .1
  6.2E+09
  2.75E+07
2L23-8
  23.33
  15
  .1
  4.99E+09
  2.5E+07
2L24-1
  21.18
  14
  .1
  6.45E+09
  2.33E+07
2L24-2
  21.7
  14
  .1
  6.73E+09
  1.85E+07
2L24-3
  22.75
  17
  .1
  7.15E+09
  3.14E+07
2L24-4
  20.73
  17
  .1
  5.69E+09
  2.34E+07
2L24-5
  22.05
  20
  .1
  7.07E+09
  2.61E+07
2L24-6
  25
  21
  .1
  4.13E+09
  2.61E+07
2L24-7
  21.75
  8
  .1
  6.29E+09
  2.58E+07
2L24-8
  21.15
  9
  .1
  5.12E+09
  2.39E+07
2L25-1
  25
  17
  .1
  1E+10
  2.89E+07
2L25-2
  22.63
  17
  .1
  8.19E+09
  2.8E+07
2L25-3
  21.7
  14
  .1
  7.53E+09
  3.32E+07
2L25-4
  19.95
  17
  .1
  6.37E+09
  2.6E+07
2L25-5
  22.05
  15
  .1
  7.78E+09
  3.01E+07
2L25-6
  22.38
  15
  .1
  8.01E+09
  3.05E+07
2L25-7
  19.85
  10.53
  .1
  6.3E+09
  4.2E+07
2L25-8
  19.55
  11.5
  .1
  6.12E+09
  3.5E+07
2L26-1
  21.78
  16
  .1
  7.59E+09
  4.01E+07
2L26-2
  25
  14
  .1
  1.13E+10
  2.62E+07
2L26-3
  22.68
  14
  .1
  7.08E+09
  2.71E+07
2L26-4
  21.15
  16
  .1
  7.16E+09
  2.93E+07
2L26-5
  21.83
  16.5
  .1
  7.43E+09
  2.64E+07
2L26-6
  25
  17
  .1
  8.1E+09
  2.89E+07
2L26-7
  22.45
  16
  .1
  8.06E+09
  2.58E+07
2L26-8
  21.83
  14
  .1
  5.41E+09
  3E+07
